1 2 1 2 1 2 1 5 1 5 1 5,(12),(12),(124)
1 2 1 2 1 2 1 5 1 6 3 6,(12),(34),(124)
1 2 1 2 1 2 1 5 6 3 5 6,(12),(12)(34),(12)
1 2 1 2 1 2 5 1 3 2 4 6,(34),(13)(24),(34)
1 2 1 2 1 3 5 1 5 3 6 2,(12),(13),(123)
1 2 1 2 1 3 5 1 6 1 5 2,(12),(24),(123)
1 2 1 2 1 3 5 2 5 3 2 5,(124),(34),(12)
1 2 1 2 1 3 5 2 6 1 4 6,(124),(12),(12)
1 2 1 2 1 5 1 4 5 2 3 6,(12)(34),(14),(12)
1 2 1 2 1 5 1 4 6 4 1 5,(12)(34),(23),(12)
1 2 1 2 1 5 1 5 2 5 1 5,(12),(132),(12)
1 2 1 2 1 5 1 5 2 6 3 6,(12),(143),(12)
1 2 1 2 1 5 1 6 4 5 3 6,(12),(124),(12)
1 2 1 2 4 3 5 1 5 4 1 5,(12)(34),(14),(14)
1 2 1 2 4 5 1 2 5 3 6 1,(12)(34),(12),(24)
1 2 1 2 4 5 1 3 2 1 2 5,(13),(13)(24),(34)
1 2 1 2 4 5 1 5 3 6 4 1,(12)(34),(14),(24)
1 2 1 2 5 1 2 1 2 4 5 3,(34),(14)(23),(13)
1 2 1 2 5 1 5 4 3 6 4 1,(12)(34),(13),(24)
1 2 1 2 5 2 3 5 1 4 6 2,(12),(24),(12)(34)
1 2 1 3 2 5 2 1 5 1 4 6,(13)(24),(34),(34)
1 2 1 3 5 1 2 3 2 4 6 4,(12),(12)(34),(14)
1 2 1 3 5 1 2 5 4 1 5 1,(34),(24),(13)(24)
1 2 1 3 5 1 3 2 5 4 5 1,(13),(24),(13)(24)
1 2 1 3 5 1 5 1 2 1 4 6,(24),(23),(234)
1 2 1 3 5 1 5 3 2 1 2 6,(13),(23),(132)
1 2 1 5 1 5 1 2 5 2 5 1,(24),(132),(24)
1 2 1 5 1 5 1 2 6 4 6 1,(24),(234),(24)
1 2 1 5 2 1 5 1 4 6 4 1,(13)(24),(23),(12)
1 2 1 5 2 1 6 1 4 6 2 3,(13)(24),(14),(12)
1 2 1 2 1 2 1 2 4 1 5 6,(1324),(13)(24),(1423)
1 2 1 2 1 2 1 2 4 5 6 3,(1324),(14)(23),(1423)
1 2 1 2 1 3 4 5 2 3 4 5,(1234),(13)(24),(1324)
1 2 1 2 1 3 5 1 2 1 6 3,(1423),(14)(23),(1432)
1 2 1 2 1 3 5 1 2 5 1 6,(1423),(1324),(243)
1 2 1 2 1 3 5 1 2 6 3 5,(1423),(1423),(243)
1 2 1 2 1 3 5 1 5 1 6 4,(1423),(1432),(243)
1 2 1 2 1 3 5 1 6 3 5 4,(1423),(1234),(243)
1 2 1 2 1 3 5 2 5 1 2 6,(234),(1324),(1324)
1 2 1 2 1 3 5 2 6 3 4 5,(234),(1423),(1324)
1 2 1 2 1 5 2 1 4 5 4 3,(1342),(12)(34),(1423)
1 2 1 2 3 5 1 2 5 2 1 6,(13)(24),(1243),(1324)
1 2 1 2 3 5 1 2 6 4 3 5,(13)(24),(1342),(1324)
1 2 1 2 3 5 1 4 5 2 3 5,(14)(23),(1342),(1324)
1 2 1 2 3 5 1 4 6 4 1 6,(14)(23),(1243),(1324)
1 2 1 2 3 5 1 5 2 5 1 6,(1423),(124),(1324)
1 2 1 2 3 5 1 6 4 5 3 5,(1423),(132),(1324)
1 2 1 2 3 5 1 6 4 6 1 6,(1423),(143),(1324)
1 2 1 2 4 3 5 1 2 1 6 4,(1423),(12)(34),(1342)
1 2 1 2 4 3 5 1 5 2 1 6,(13)(24),(1243),(1342)
1 2 1 2 4 5 1 5 1 6 2 1,(13)(24),(1342),(1234)
1 2 1 2 5 1 5 2 3 5 4 1,(14)(23),(1432),(1234)
1 2 1 2 5 1 5 4 1 6 2 1,(13)(24),(1432),(1234)
1 2 1 2 5 1 5 6 2 3 5 1,(1423),(12)(34),(1234)
1 2 1 2 5 2 3 5 3 2 6 4,(1423),(1234),(14)(23)
1 2 1 3 5 1 5 1 2 3 4 5,(1234),(1342),(143)
1 2 1 3 5 1 5 1 6 3 4 1,(14)(23),(1342),(1432)
1 2 1 3 5 1 5 3 2 3 2 5,(1432),(1342),(124)
1 2 1 5 1 5 3 2 5 4 6 1,(1432),(124),(1234)
1 2 1 5 1 5 3 2 6 2 5 1,(1432),(143),(1234)
1 2 1 2 1 2 1 3 5 2 4 5,(34),(13)(24),(1423)
1 2 1 2 1 2 1 5 2 4 5 3,(34),(14)(23),(1423)
1 2 1 2 1 3 2 5 2 1 2 6,(24),(13)(24),(1324)
1 2 1 2 1 3 5 1 2 3 5 1,(1423),(14)(23),(24)
1 2 1 2 1 3 5 1 3 5 1 4,(1423),(14)(23),(34)
1 2 1 2 1 5 1 2 5 4 1 6,(14)(23),(1342),(34)
1 2 1 2 1 5 1 3 2 5 4 6,(143),(1342),(34)
1 2 1 2 1 5 1 3 2 6 2 5,(143),(1243),(34)
1 2 1 2 1 5 1 4 5 4 3 5,(13)(24),(1243),(34)
1 2 1 2 1 5 1 5 4 5 3 5,(1423),(124),(34)
1 2 1 2 1 5 1 5 4 6 1 6,(1423),(234),(34)
1 2 1 2 1 5 1 6 2 5 1 6,(1423),(132),(34)
1 2 1 2 1 5 1 6 2 6 3 5,(1423),(143),(34)
1 2 1 2 1 5 2 1 2 6 2 3,(23),(12)(34),(1423)
1 2 1 2 4 1 5 1 2 1 6 2,(1324),(12)(34),(14)
1 2 1 2 4 1 5 1 5 4 3 5,(13)(24),(1243),(14)
1 2 1 2 4 1 5 2 3 5 2 5,(1234),(23),(12)(34)
1 2 1 2 4 1 5 2 5 2 5 3,(1234),(24),(12)(34)
1 2 1 2 4 3 5 2 5 2 6 3,(24),(1234),(13)(24)
1 2 1 2 4 5 1 5 1 5 2 3,(12)(34),(14),(1432)
1 2 1 2 4 5 1 5 3 5 4 3,(13)(24),(1342),(13)
1 2 1 2 4 5 2 5 1 4 5 1,(24),(1324),(14)(23)
1 2 1 2 4 5 2 5 6 1 2 5,(1234),(12)(34),(12)
1 2 1 2 4 5 2 5 6 3 2 6,(24),(14)(23),(1324)
1 2 1 2 5 1 3 2 5 1 4 5,(132),(12),(1423)
1 2 1 2 5 1 3 2 5 3 4 6,(143),(1423),(34)
1 2 1 2 5 1 3 2 6 1 2 5,(143),(1324),(34)
1 2 1 2 5 1 3 2 6 3 2 6,(132),(34),(1423)
1 2 1 2 5 1 5 1 2 4 6 4,(1324),(13),(142)
1 2 1 2 5 1 5 1 6 4 5 6,(12),(1234),(142)
1 2 1 2 5 1 5 3 2 4 6 2,(34),(1432),(134)
1 2 1 2 5 1 5 3 6 2 5 6,(1423),(24),(134)
1 2 1 2 5 1 5 6 4 1 5 3,(12),(13)(24),(1432)
1 2 1 2 5 2 1 5 3 2 6 2,(34),(1432),(13)(24)
1 2 1 2 5 2 5 2 6 1 4 1,(23),(1423),(14)(23)
1 2 1 3 5 1 2 1 6 2 5 6,(34),(14)(23),(1342)
1 2 1 3 5 1 2 3 6 4 5 6,(1324),(13)(24),(14)
1 2 1 3 5 2 5 2 5 3 5 6,(1234),(13),(14)(23)
1 2 1 5 1 5 1 2 4 5 4 3,(12)(34),(1243),(13)
1 2 1 5 1 5 1 2 5 4 5 3,(1234),(124),(13)
1 2 1 5 1 5 1 2 6 2 6 3,(1234),(143),(13)
1 2 1 5 1 5 2 5 2 3 6 3,(12),(132),(1432)
1 2 1 5 1 5 2 5 4 3 5 3,(1423),(124),(13)
1 2 1 5 1 5 2 6 2 1 6 3,(1423),(143),(13)
1 2 1 5 1 5 2 6 4 1 5 3,(12),(234),(1432)
1 2 1 5 1 5 3 6 2 5 6 1,(14)(23),(14),(1234)
